(Req 1)(Provs 100)(PIs 5)
fitness <- c(0.9821045853, 0.9821045853, 0.9926260704, 0.9926260704, 0.9821045853, 0.9926260704, 0.9926260704, 0.9821045853, 0.9926260704, 0.9926260704, 0.9926260704, 0.9926260704, 0.9926260704, 0.9926260704, 0.9821045853, 0.9821045853, 0.9926260704, 0.9926260704, 0.9926260704, 0.9926260704, 0.9926260704, 0.9821045853, 0.9926260704, 0.9926260704, 0.9926260704, 0.9926260704, 0.9926260704, 0.9926260704, 0.9821045853, 0.9926260704);
tempos <- c(200.0, 135.0, 92.0, 61.0, 59.0, 52.0, 63.0, 59.0, 54.0, 60.0, 59.0, 56.0, 57.0, 60.0, 71.0, 88.0, 72.0, 69.0, 57.0, 69.0, 57.0, 67.0, 64.0, 52.0, 59.0, 61.0, 55.0, 59.0, 61.0, 61.0);
Respostas:
P6	P100	
P26	P70	
P18	
P38	
P10	P86	
P78	
P68	
P10	P76	
P98	
P98	
P68	
P38	
P88	
P38	
P16	P60	
P6	P80	
P78	
P68	
P48	
P28	
P28	
P10	P26	
P98	
P18	
P38	
P58	
P98	
P78	
P86	P100	
P78	

(Req 2)(Provs 100)(PIs 5)
fitness <- c(0.985952381, 0.985952381, 0.985952381, 0.985952381, 0.985952381, 0.985952381, 0.985952381, 0.985952381, 0.985952381, 0.985952381, 0.985952381, 0.985952381, 0.985952381, 0.985952381, 0.985952381, 0.985952381, 0.985952381, 0.985952381, 0.985952381, 0.985952381, 0.985952381, 0.985952381, 0.985952381, 0.985952381, 0.985952381, 0.985952381, 0.985952381, 0.985952381, 0.985952381, 0.985952381);
tempos <- c(291.0, 275.0, 60.0, 62.0, 60.0, 57.0, 60.0, 61.0, 65.0, 59.0, 55.0, 58.0, 59.0, 51.0, 58.0, 61.0, 57.0, 53.0, 60.0, 67.0, 56.0, 50.0, 59.0, 59.0, 55.0, 55.0, 59.0, 57.0, 58.0, 56.0);
Respostas:
P68	P96	
P18	P96	
P18	P96	
P46	P88	
P36	P88	
P8	P76	
P6	P38	
P18	P26	
P36	P48	
P8	P36	
P86	P98	
P48	P86	
P46	P78	
P76	P78	
P48	P66	
P58	P96	
P48	P96	
P36	P88	
P66	P78	
P36	P58	
P18	P96	
P16	P48	
P58	P86	
P58	P66	
P8	P26	
P8	P56	
P6	P98	
P8	P36	
P68	P96	
P78	P96	

(Req 3)(Provs 100)(PIs 5)
fitness <- c(0.984270734, 0.984270734, 0.984270734, 0.984270734, 0.984270734, 0.984270734, 0.984270734, 0.984270734, 0.984270734, 0.984270734, 0.984270734, 0.984270734, 0.984270734, 0.984270734, 0.984270734, 0.984270734, 0.984270734, 0.984270734, 0.984270734, 0.984270734, 0.984270734, 0.984270734, 0.984270734, 0.984270734, 0.984270734, 0.984270734, 0.984270734, 0.984270734, 0.984270734, 0.984270734);
tempos <- c(56.0, 58.0, 62.0, 55.0, 62.0, 59.0, 68.0, 59.0, 62.0, 59.0, 66.0, 63.0, 59.0, 58.0, 55.0, 63.0, 62.0, 60.0, 62.0, 64.0, 57.0, 59.0, 63.0, 74.0, 60.0, 64.0, 63.0, 64.0, 53.0, 60.0);
Respostas:
P11	P67	P86	
P7	P16	P91	
P1	P27	P46	
P11	P46	P47	
P27	P36	P91	
P46	P51	P87	
P7	P41	P46	
P1	P7	P56	
P6	P37	P61	
P41	P57	P66	
P1	P77	P96	
P41	P46	P57	
P6	P11	P57	
P16	P41	P97	
P41	P47	P86	
P11	P86	P97	
P11	P36	P47	
P76	P81	P87	
P26	P41	P77	
P6	P31	P37	
P11	P46	P97	
P27	P81	P96	
P36	P51	P77	
P41	P56	P67	
P11	P16	P47	
P21	P36	P77	
P1	P16	P27	
P21	P27	P76	
P16	P17	P31	
P7	P21	P46	

(Req 4)(Provs 100)(PIs 5)
fitness <- c(0.9937601515, 0.9937601515, 0.9937601515, 0.9937601515, 0.9937601515, 0.9937601515, 0.9937601515, 0.9937601515, 0.9937601515, 0.9937601515, 0.9937601515, 0.9937601515, 0.9937601515, 0.9937601515, 0.9937601515, 0.9937601515, 0.9937601515, 0.9937601515, 0.9937601515, 0.9937601515, 0.9937601515, 0.9937601515, 0.9937601515, 0.9937601515, 0.9937601515, 0.9937601515, 0.9937601515, 0.9937601515, 0.9937601515, 0.9937601515);
tempos <- c(50.0, 48.0, 54.0, 48.0, 58.0, 56.0, 53.0, 51.0, 49.0, 53.0, 54.0, 49.0, 60.0, 51.0, 51.0, 50.0, 54.0, 52.0, 51.0, 54.0, 49.0, 51.0, 47.0, 52.0, 50.0, 50.0, 48.0, 54.0, 51.0, 54.0);
Respostas:
P42	P71	
P2	P51	
P61	P82	
P12	P71	
P51	P82	
P42	P91	
P62	P81	
P12	P71	
P31	P72	
P42	P71	
P21	P72	
P71	P92	
P12	P31	
P41	P92	
P1	P52	
P21	P62	
P2	P91	
P1	P22	
P51	P52	
P11	P12	
P81	P82	
P11	P22	
P22	P51	
P51	P62	
P31	P92	
P1	P12	
P21	P62	
P51	P52	
P2	P41	
P22	P81	

(Req 5)(Provs 100)(PIs 5)
fitness <- c(0.9933396765, 0.9933396765, 0.9933396765, 0.9933396765, 0.9933396765, 0.9933396765, 0.9933396765, 0.9933396765, 0.9933396765, 0.9933396765, 0.9933396765, 0.9933396765, 0.9933396765, 0.9933396765, 0.9933396765, 0.9933396765, 0.9933396765, 0.9933396765, 0.9933396765, 0.9933396765, 0.9933396765, 0.9933396765, 0.9933396765, 0.9933396765, 0.9933396765, 0.9933396765, 0.9933396765, 0.9933396765, 0.9933396765, 0.9933396765);
tempos <- c(41.0, 44.0, 56.0, 47.0, 46.0, 53.0, 41.0, 42.0, 41.0, 47.0, 42.0, 42.0, 50.0, 40.0, 43.0, 46.0, 45.0, 44.0, 42.0, 43.0, 43.0, 49.0, 44.0, 42.0, 45.0, 53.0, 39.0, 47.0, 44.0, 43.0);
Respostas:
P16	
P86	
P46	
P46	
P76	
P56	
P16	
P6	
P6	
P76	
P46	
P6	
P36	
P36	
P26	
P16	
P6	
P46	
P26	
P86	
P36	
P96	
P36	
P66	
P56	
P86	
P76	
P36	
P66	
P36	

(Req 6)(Provs 100)(PIs 5)
fitness <- c(0.9980970504, 0.9980970504, 0.9980970504, 0.9980970504, 0.9980970504, 0.9980970504, 0.9980970504, 0.9980970504, 0.9980970504, 0.9980970504, 0.9980970504, 0.9980970504, 0.9980970504, 0.9980970504, 0.9980970504, 0.9980970504, 0.9980970504, 0.9980970504, 0.9980970504, 0.9980970504, 0.9980970504, 0.9980970504, 0.9980970504, 0.9980970504, 0.9980970504, 0.9980970504, 0.9980970504, 0.9980970504, 0.9980970504, 0.9980970504);
tempos <- c(51.0, 57.0, 51.0, 54.0, 47.0, 49.0, 48.0, 51.0, 51.0, 54.0, 53.0, 51.0, 56.0, 49.0, 54.0, 51.0, 53.0, 56.0, 50.0, 54.0, 51.0, 54.0, 58.0, 52.0, 53.0, 48.0, 50.0, 47.0, 56.0, 50.0);
Respostas:
P63	
P93	
P33	
P53	
P3	
P93	
P53	
P23	
P13	
P63	
P33	
P33	
P33	
P23	
P13	
P63	
P23	
P53	
P83	
P3	
P93	
P83	
P93	
P3	
P43	
P53	
P53	
P43	
P53	
P23	

(Req 7)(Provs 100)(PIs 5)
fitness <- c(0.9961941009, 0.9961941009, 0.9961941009, 0.9961941009, 0.9961941009, 0.9961941009, 0.9961941009, 0.9961941009, 0.9961941009, 0.9961941009, 0.9961941009, 0.9961941009, 0.9961941009, 0.9961941009, 0.9961941009, 0.9961941009, 0.9961941009, 0.9961941009, 0.9961941009, 0.9961941009, 0.9961941009, 0.9961941009, 0.9961941009, 0.9961941009, 0.9961941009, 0.9961941009, 0.9961941009, 0.9961941009, 0.9961941009, 0.9961941009);
tempos <- c(57.0, 54.0, 53.0, 51.0, 53.0, 59.0, 52.0, 49.0, 47.0, 48.0, 55.0, 44.0, 51.0, 49.0, 53.0, 48.0, 57.0, 54.0, 48.0, 52.0, 46.0, 54.0, 50.0, 54.0, 46.0, 62.0, 52.0, 45.0, 47.0, 54.0);
Respostas:
P15	
P55	
P55	
P75	
P15	
P75	
P45	
P35	
P85	
P65	
P75	
P15	
P15	
P25	
P75	
P65	
P85	
P5	
P35	
P35	
P25	
P55	
P55	
P75	
P15	
P65	
P5	
P5	
P45	
P45	

(Req 8)(Provs 100)(PIs 5)
fitness <- c(0.9933333333, 0.9933333333, 0.9933333333, 0.9933333333, 0.9933333333, 0.9933333333, 0.9933333333, 0.9933333333, 0.9933333333, 0.9933333333, 0.9933333333, 0.9933333333, 0.9933333333, 0.9933333333, 0.9933333333, 0.9933333333, 0.9933333333, 0.9933333333, 0.9933333333, 0.9933333333, 0.9933333333, 0.9933333333, 0.9933333333, 0.9933333333, 0.9933333333, 0.9933333333, 0.9933333333, 0.9933333333, 0.9933333333, 0.9933333333);
tempos <- c(38.0, 37.0, 41.0, 37.0, 37.0, 36.0, 41.0, 39.0, 45.0, 37.0, 40.0, 38.0, 41.0, 45.0, 39.0, 37.0, 31.0, 42.0, 37.0, 45.0, 54.0, 47.0, 42.0, 41.0, 37.0, 37.0, 42.0, 41.0, 35.0, 35.0);
Respostas:
P31	P36	
P61	P76	
P26	P81	
P51	P56	
P46	P81	
P6	P71	
P26	P71	
P6	P31	
P26	P31	
P36	P81	
P61	P76	
P21	P96	
P11	P36	
P16	P51	
P56	P71	
P11	P66	
P1	P86	
P26	P61	
P41	P56	
P31	P76	
P61	P96	
P6	P51	
P51	P56	
P66	P71	
P1	P56	
P31	P76	
P51	P66	
P1	P36	
P41	P46	
P26	P91	

(Req 1)(Provs 200)(PIs 5)
fitness <- c(0.9963147884, 0.9900771093, 0.9900771093, 0.9963147884, 0.9963147884, 0.9910680363, 0.9910680363, 0.9910680363, 0.9963147884, 0.9963147884, 0.9910680363, 0.9963147884, 0.9963147884, 0.9963147884, 0.9963147884, 0.9963147884, 0.9963147884, 0.9963147884, 0.9963147884, 0.9963147884, 0.9910680363, 0.9910680363, 0.9900771093, 0.9963147884, 0.9963147884, 0.9963147884, 0.9963147884, 0.9900771093, 0.9963147884, 0.9963147884);
