(Req 1)(Provs 200)(PIs 5)
fitness <- c(0.9963, 0.9963, 0.9963, 0.9963, 0.9963, 0.992, 0.9963, 0.9963, 0.9963, 0.9963, 0.9963, 0.9963, 0.9963, 0.9963, 0.9963, 0.9963, 0.9963, 0.9963, 0.9963, 0.9963, 0.9963, 0.9963, 0.9963, 0.9963, 0.9963, 0.9963, 0.9963, 0.9963, 0.9963, 0.9963);
tempos <- c(1671.0, 1578.0, 1627.0, 1594.0, 1577.0, 1596.0, 1580.0, 1594.0, 1580.0, 1577.0, 1594.0, 1580.0, 1593.0, 1578.0, 1580.0, 1578.0, 1596.0, 1577.0, 1596.0, 1656.0, 1593.0, 1614.0, 1593.0, 1594.0, 1658.0, 1671.0, 1688.0, 1673.0, 1687.0, 1672.0);
Respostas:
P108	
P108	
P148	
P38	
P148	
P114	P188	
P38	
P138	
P188	
P138	
P138	
P58	
P98	
P88	
P118	
P68	
P178	
P58	
P18	
P108	
P58	
P178	
P48	
P178	
P28	
P28	
P148	
P118	
P78	
P148	

(Req 2)(Provs 200)(PIs 5)
fitness <- c(0.993, 0.993, 0.993, 0.993, 0.993, 0.993, 0.993, 0.993, 0.993, 0.993, 0.993, 0.993, 0.993, 0.993, 0.993, 0.993, 0.993, 0.993, 0.993, 0.993, 0.993, 0.993, 0.993, 0.993, 0.993, 0.993, 0.993, 0.993, 0.993, 0.993);
tempos <- c(1689.0, 1687.0, 1687.0, 1690.0, 1687.0, 1703.0, 1707.0, 1687.0, 1672.0, 1705.0, 1687.0, 1687.0, 1689.0, 1672.0, 1687.0, 1689.0, 1689.0, 1693.0, 1689.0, 1687.0, 1705.0, 1690.0, 1687.0, 1674.0, 1687.0, 1687.0, 1674.0, 1687.0, 1687.0, 1674.0);
Respostas:
P86	P148	
P66	P148	
P8	P96	
P6	P48	
P36	P68	
P26	P38	
P156	P158	
P96	P188	
P48	P156	
P16	P28	
P56	P168	
P166	P178	
P18	P46	
P26	P58	
P48	P156	
P38	P126	
P116	P148	
P8	P106	
P148	P196	
P118	P196	
P96	P98	
P46	P158	
P66	P118	
P6	P28	
P98	P106	
P126	P198	
P16	P98	
P116	P198	
P56	P188	
P106	P198	

(Req 3)(Provs 200)(PIs 5)
fitness <- c(0.9921, 0.9921, 0.9921, 0.9921, 0.9921, 0.9921, 0.9921, 0.9921, 0.9921, 0.9921, 0.9921, 0.9921, 0.9921, 0.9921, 0.9921, 0.9921, 0.9921, 0.9921, 0.9921, 0.9921, 0.9921, 0.9921, 0.9921, 0.9921, 0.9921, 0.9921, 0.9921, 0.9921, 0.9921, 0.9921);
tempos <- c(1594.0, 1593.0, 1593.0, 1596.0, 1578.0, 1593.0, 1598.0, 1578.0, 1593.0, 1580.0, 1594.0, 1593.0, 1627.0, 1609.0, 1578.0, 1595.0, 1594.0, 1578.0, 1611.0, 1593.0, 1594.0, 1580.0, 1595.0, 1609.0, 1596.0, 1594.0, 1593.0, 1593.0, 1580.0, 1594.0);
Respostas:
P107	P141	P176	
P131	P177	P196	
P46	P57	P131	
P81	P136	P157	
P37	P181	P196	
P77	P156	P191	
P107	P146	P191	
P61	P166	P167	
P41	P146	P197	
P6	P27	P51	
P86	P167	P191	
P67	P81	P156	
P67	P166	P181	
P21	P57	P66	
P37	P131	P166	
P111	P117	P156	
P51	P127	P156	
P11	P76	P177	
P26	P111	P117	
P57	P96	P171	
P26	P67	P131	
P11	P46	P137	
P101	P116	P177	
P71	P87	P136	
P41	P77	P106	
P151	P166	P197	
P57	P166	P191	
P126	P131	P137	
P11	P37	P156	
P67	P141	P146	

(Req 4)(Provs 200)(PIs 5)
fitness <- c(0.9969, 0.9969, 0.9969, 0.9969, 0.9969, 0.9969, 0.9969, 0.9969, 0.9969, 0.9969, 0.9969, 0.9969, 0.9969, 0.9969, 0.9969, 0.9969, 0.9969, 0.9969, 0.9969, 0.9969, 0.9969, 0.9969, 0.9969, 0.9969, 0.9969, 0.9969, 0.9969, 0.9969, 0.9969, 0.9969);
tempos <- c(1578.0, 1580.0, 1562.0, 1578.0, 1580.0, 1578.0, 1578.0, 1580.0, 1564.0, 1578.0, 1580.0, 1578.0, 1562.0, 1596.0, 1562.0, 1578.0, 1562.0, 1564.0, 1578.0, 1562.0, 1564.0, 1578.0, 1562.0, 1565.0, 1580.0, 1578.0, 1564.0, 1562.0, 1578.0, 1564.0);
Respostas:
P21	P122	
P81	P142	
P62	P151	
P51	P52	
P31	P32	
P191	P192	
P91	P182	
P51	P82	
P61	P72	
P62	P101	
P22	P81	
P51	P142	
P2	P91	
P2	P191	
P72	P151	
P2	P151	
P111	P132	
P52	P191	
P51	P152	
P142	P171	
P11	P62	
P102	P181	
P41	P142	
P72	P161	
P41	P112	
P11	P52	
P111	P172	
P52	P181	
P12	P61	
P62	P81	

(Req 5)(Provs 200)(PIs 5)
fitness <- c(0.9967, 0.9967, 0.9967, 0.9967, 0.9967, 0.9967, 0.9967, 0.9967, 0.9967, 0.9967, 0.9967, 0.9967, 0.9967, 0.9967, 0.9967, 0.9967, 0.9967, 0.9967, 0.9967, 0.9967, 0.9967, 0.9967, 0.9967, 0.9967, 0.9967, 0.9967, 0.9967, 0.9967, 0.9967, 0.9967);
tempos <- c(1563.0, 1562.0, 1562.0, 1564.0, 1562.0, 1563.0, 1564.0, 1562.0, 1562.0, 1565.0, 1548.0, 1563.0, 1564.0, 1562.0, 1562.0, 1565.0, 1562.0, 1562.0, 1562.0, 1549.0, 1562.0, 1562.0, 1580.0, 1563.0, 1562.0, 1549.0, 1564.0, 1562.0, 1580.0, 1594.0);
Respostas:
P116	
P176	
P106	
P36	
P6	
P36	
P186	
P76	
P156	
P66	
P26	
P166	
P176	
P136	
P56	
P156	
P96	
P196	
P16	
P176	
P176	
P166	
P46	
P66	
P86	
P106	
P26	
P176	
P156	
P186	

(Req 6)(Provs 200)(PIs 5)
fitness <- c(0.999, 0.999, 0.999, 0.999, 0.999, 0.999, 0.999, 0.999, 0.999, 0.999, 0.999, 0.999, 0.999, 0.999, 0.999, 0.999, 0.999, 0.999, 0.999, 0.999, 0.999, 0.999, 0.999, 0.999, 0.999, 0.999, 0.999, 0.999, 0.999, 0.999);
tempos <- c(1578.0, 1580.0, 1577.0, 1562.0, 1578.0, 1565.0, 1578.0, 1562.0, 1580.0, 1578.0, 1562.0, 1583.0, 1562.0, 1577.0, 1565.0, 1609.0, 1578.0, 1580.0, 1562.0, 1578.0, 1564.0, 1578.0, 1562.0, 1578.0, 1596.0, 1562.0, 1578.0, 1566.0, 1594.0, 1577.0);
Respostas:
P133	
P23	
P3	
P173	
P173	
P13	
P23	
P153	
P53	
P73	
P193	
P3	
P23	
P93	
P23	
P123	
P183	
P173	
P173	
P23	
P153	
P113	
P83	
P73	
P43	
P53	
P123	
P173	
P103	
P163	

(Req 8)(Provs 200)(PIs 5)
fitness <- c(0.9967, 0.9967, 0.9967, 0.9967, 0.9967, 0.9935, 0.9967, 0.9967, 0.9967, 0.9967, 0.9967, 0.9967, 0.9967, 0.9967, 0.9967, 0.9967, 0.9967, 0.9967, 0.9967, 0.9967, 0.9967, 0.9967, 0.9967, 0.9967, 0.9967, 0.9967, 0.9967, 0.9967, 0.9967, 0.9967);
tempos <- c(1640.0, 1609.0, 1596.0, 1547.0, 1562.0, 1549.0, 1564.0, 1562.0, 1549.0, 1672.0, 1546.0, 1564.0, 1547.0, 1562.0, 1565.0, 1562.0, 1562.0, 1546.0, 1565.0, 1562.0, 1546.0, 1565.0, 1549.0, 1578.0, 1548.0, 1562.0, 1547.0, 1564.0, 1563.0, 1562.0);
Respostas:
P31	P116	
P51	P166	
P11	P106	
P36	P151	
P16	P181	
P81	P106	P112	
P91	P166	
P21	P136	
P111	P126	
P26	P181	
P1	P86	
P11	P86	
P91	P156	
P51	P186	
P31	P86	
P96	P151	
P66	P121	
P21	P56	
P81	P176	
P21	P196	
P31	P196	
P141	P176	
P6	P41	
P161	P186	
P106	P151	
P31	P126	
P31	P126	
P46	P111	
P141	P186	
P86	P131	

(Req 8)(Provs 200)(PIs 5)
fitness <- c(0.9967, 0.9967, 0.9967, 0.9967, 0.9967, 0.9967, 0.9967, 0.9967, 0.9967, 0.9967, 0.9967, 0.9967, 0.9967, 0.9967, 0.9967, 0.9967, 0.9967, 0.9967, 0.9967, 0.9967, 0.9967, 0.9967, 0.9967, 0.9967, 0.9967, 0.9967, 0.9967, 0.9967, 0.9967, 0.9967);
tempos <- c(1580.0, 1578.0, 1546.0, 1565.0, 1546.0, 1563.0, 1562.0, 1567.0, 1562.0, 1546.0, 1565.0, 1546.0, 1547.0, 1564.0, 1547.0, 1546.0, 1565.0, 1546.0, 1562.0, 1565.0, 1562.0, 1546.0, 1562.0, 1552.0, 1562.0, 1546.0, 1565.0, 1546.0, 1562.0, 1549.0);
Respostas:
P71	P116	
P76	P121	
P131	P166	
P76	P81	
P26	P51	
P136	P141	
P101	P166	
P51	P106	
P141	P156	
P31	P66	
P6	P151	
P66	P191	
P21	P116	
P76	P91	
P36	P91	
P101	P136	
P126	P171	
P26	P101	
P101	P116	
P31	P166	
P41	P136	
P1	P196	
P91	P126	
P111	P186	
P91	P166	
P141	P146	
P141	P146	
P6	P131	
P116	P121	
P186	P191	

(Req 8)(Provs 200)(PIs 5)
fitness <- c(0.9967, 0.9967, 0.9967, 0.9967, 0.9967, 0.9967, 0.9967, 0.9967, 0.9967, 0.9967, 0.9967, 0.9967, 0.9967, 0.9967, 0.9967, 0.9967, 0.9967, 0.9967, 0.9967, 0.9967, 0.9967, 0.9967, 0.9967, 0.9967, 0.9967, 0.9967, 0.9967, 0.9967, 0.9967, 0.9967);
tempos <- c(1580.0, 1562.0, 1578.0, 1565.0, 1546.0, 1562.0, 1547.0, 1564.0, 1547.0, 1562.0, 1564.0, 1549.0, 1562.0, 1565.0, 1546.0, 1562.0, 1565.0, 1546.0, 1562.0, 1549.0, 1562.0, 1547.0, 1562.0, 1549.0, 1562.0, 1562.0, 1549.0, 1564.0, 1547.0, 1564.0);
Respostas:
P91	P146	
P11	P186	
P21	P66	
P16	P91	
P6	P121	
P31	P76	
P136	P141	
P106	P151	
P61	P96	
P86	P131	
P146	P181	
P16	P111	
P91	P106	
P31	P86	
P106	P131	
P6	P191	
P46	P61	
P111	P116	
P11	P26	
P46	P121	
P61	P76	
P76	P181	
P156	P181	
P71	P106	
P76	P101	
P51	P186	
P76	P101	
P11	P176	
P81	P196	
P166	P191	

(Req 8)(Provs 200)(PIs 5)
fitness <- c(0.9967, 0.9967, 0.9967, 0.9967, 0.9967, 0.9967, 0.9967, 0.9967, 0.9967, 0.9967, 0.9967, 0.9967, 0.9967, 0.9967, 0.9967, 0.9967, 0.9967, 0.9967, 0.9967, 0.9967, 0.9967, 0.9967, 0.9967, 0.9967, 0.9967, 0.9967, 0.9967, 0.9967, 0.9967, 0.9967);
