(Req 4)(Provs 200)(PIs 5)
fitness <- c(0.9974, 0.9974, 0.9974, 0.9971, 0.9974, 0.9974, 0.9974, 0.9971, 0.9974, 0.9974, 0.9971, 0.9971, 0.9974, 0.9974, 0.9974, 0.9974, 0.9974, 0.9974, 0.9974, 0.9974, 0.9974, 0.9974, 0.9974, 0.9971, 0.9971, 0.9971, 0.9974, 0.9971, 0.9971, 0.9971);
tempos <- c(652.0, 570.0, 564.0, 562.0, 570.0, 572.0, 563.0, 572.0, 553.0, 559.0, 581.0, 563.0, 557.0, 563.0, 557.0, 573.0, 556.0, 569.0, 550.0, 560.0, 577.0, 560.0, 562.0, 556.0, 569.0, 572.0, 569.0, 564.0, 569.0, 571.0);
Respostas:
P1	P2	
P1	P2	
P1	P2	
P2	P21	
P1	P2	
P1	P2	
P1	P2	
P2	P141	
P1	P2	
P1	P2	
P2	P161	
P2	P171	
P1	P2	
P1	P2	
P1	P2	
P1	P2	
P1	P2	
P1	P2	
P1	P2	
P1	P2	
P1	P2	
P1	P2	
P1	P2	
P2	P111	
P2	P91	
P2	P31	
P1	P2	
P2	P61	
P2	P31	
P2	P21	

(Req 4)(Provs 200)(PIs 5)
fitness <- c(0.9974, 0.9974, 0.9974, 0.9974, 0.9974, 0.9974, 0.9969, 0.9974, 0.9974, 0.9974, 0.9974, 0.9974, 0.9974, 0.9974, 0.9969, 0.9974, 0.9974, 0.9974, 0.9969, 0.9974, 0.9974, 0.9971, 0.9974, 0.9974, 0.9974, 0.9974, 0.9974, 0.9969, 0.9974, 0.9974);
tempos <- c(570.0, 562.0, 556.0, 562.0, 578.0, 562.0, 563.0, 563.0, 562.0, 566.0, 562.0, 571.0, 563.0, 569.0, 571.0, 554.0, 558.0, 559.0, 571.0, 564.0, 560.0, 563.0, 563.0, 563.0, 562.0, 555.0, 563.0, 578.0, 555.0, 561.0);
Respostas:
P1	P2	
P1	P2	
P1	P2	
P1	P2	
P1	P2	
P1	P2	
P1	P132	
P1	P2	
P1	P2	
P1	P2	
P1	P2	
P1	P2	
P1	P2	
P1	P2	
P1	P152	
P1	P2	
P1	P2	
P1	P2	
P1	P172	
P1	P2	
P1	P2	
P2	P111	
P1	P2	
P1	P2	
P1	P2	
P1	P2	
P1	P2	
P1	P72	
P1	P2	
P1	P2	

(Req 4)(Provs 200)(PIs 5)
fitness <- c(0.9974, 0.9974, 0.9974, 0.9974, 0.9974, 0.9974, 0.9971, 0.9974, 0.9974, 0.9971, 0.9974, 0.9971, 0.9971, 0.9967, 0.9969, 0.9974, 0.9974, 0.9974, 0.9974, 0.9974, 0.9974, 0.9974, 0.9974, 0.9971, 0.9974, 0.9974, 0.9974, 0.9974, 0.9967, 0.9974);
tempos <- c(562.0, 564.0, 577.0, 547.0, 564.0, 561.0, 579.0, 562.0, 562.0, 563.0, 563.0, 573.0, 568.0, 562.0, 562.0, 563.0, 563.0, 562.0, 571.0, 554.0, 563.0, 565.0, 560.0, 562.0, 562.0, 563.0, 563.0, 563.0, 562.0, 563.0);
Respostas:
P1	P2	
P1	P2	
P1	P2	
P1	P2	
P1	P2	
P1	P2	
P2	P41	
P1	P2	
P1	P2	
P2	P101	
P1	P2	
P2	P21	
P2	P81	
P92	P131	
P1	P32	
P1	P2	
P1	P2	
P1	P2	
P1	P2	
P1	P2	
P1	P2	
P1	P2	
P1	P2	
P2	P61	
P1	P2	
P1	P2	
P1	P2	
P1	P2	
P82	P151	
P1	P2	

(Req 4)(Provs 200)(PIs 5)
fitness <- c(0.9974, 0.9974, 0.9974, 0.9974, 0.9971, 0.9974, 0.9974, 0.9974, 0.9971, 0.9971, 0.9974, 0.9971, 0.9971, 0.9974, 0.9971, 0.9969, 0.9974, 0.9974, 0.9974, 0.9974, 0.9974, 0.9974, 0.9974, 0.9974, 0.9974, 0.9974, 0.9969, 0.9974, 0.9974, 0.9971);
tempos <- c(561.0, 563.0, 555.0, 563.0, 578.0, 562.0, 567.0, 555.0, 569.0, 579.0, 562.0, 563.0, 578.0, 558.0, 570.0, 561.0, 562.0, 563.0, 563.0, 563.0, 577.0, 563.0, 562.0, 563.0, 564.0, 562.0, 562.0, 563.0, 563.0, 562.0);
Respostas:
P1	P2	
P1	P2	
P1	P2	
P1	P2	
P2	P91	
P1	P2	
P1	P2	
P1	P2	
P2	P171	
P2	P171	
P1	P2	
P2	P161	
P2	P161	
P1	P2	
P2	P91	
P1	P132	
P1	P2	
P1	P2	
P1	P2	
P1	P2	
P1	P2	
P1	P2	
P1	P2	
P1	P2	
P1	P2	
P1	P2	
P1	P62	
P1	P2	
P1	P2	
P2	P191	

(Req 4)(Provs 200)(PIs 5)
fitness <- c(0.9974, 0.9974, 0.9974, 0.9974, 0.9974, 0.9967, 0.9974, 0.9974, 0.9974, 0.9974, 0.9971, 0.9974, 0.9974, 0.9974, 0.9974, 0.9974, 0.9974, 0.9974, 0.9974, 0.9974, 0.9974, 0.9974, 0.9967, 0.9969, 0.9974, 0.9971, 0.9974, 0.9974, 0.9974, 0.9974);
tempos <- c(555.0, 554.0, 562.0, 563.0, 563.0, 578.0, 563.0, 566.0, 551.0, 570.0, 578.0, 562.0, 564.0, 562.0, 562.0, 568.0, 565.0, 555.0, 593.0, 567.0, 566.0, 569.0, 589.0, 574.0, 557.0, 578.0, 576.0, 549.0, 563.0, 557.0);
Respostas:
P1	P2	
P1	P2	
P1	P2	
P1	P2	
P1	P2	
P131	P152	
P1	P2	
P1	P2	
P1	P2	
P1	P2	
P2	P11	
P1	P2	
P1	P2	
P1	P2	
P1	P2	
P1	P2	
P1	P2	
P1	P2	
P1	P2	
P1	P2	
P1	P2	
P1	P2	
P131	P142	
P1	P112	
P1	P2	
P2	P121	
P1	P2	
P1	P2	
P1	P2	
P1	P2	

(Req 5)(Provs 200)(PIs 5)
fitness <- c(0.9971, 0.9971, 0.9971, 0.9971, 0.9967, 0.9971, 0.9971, 0.9971, 0.9971, 0.9971, 0.9971, 0.9967, 0.9971, 0.9971, 0.9971, 0.9971, 0.9971, 0.9971, 0.9971, 0.9967, 0.9971, 0.9967, 0.9967, 0.9967, 0.9971, 0.9971, 0.9967, 0.9971, 0.9967, 0.9971);
tempos <- c(887.0, 684.0, 704.0, 685.0, 671.0, 690.0, 683.0, 682.0, 690.0, 666.0, 668.0, 682.0, 670.0, 696.0, 655.0, 643.0, 639.0, 646.0, 660.0, 672.0, 665.0, 651.0, 638.0, 680.0, 686.0, 663.0, 676.0, 665.0, 648.0, 668.0);
Respostas:
P6	
P6	
P6	
P6	
P86	
P6	
P6	
P6	
P6	
P6	
P6	
P76	
P6	
P6	
P6	
P6	
P6	
P6	
P6	
P56	
P6	
P186	
P106	
P156	
P6	
P6	
P96	
P6	
P176	
P6	

(Req 5)(Provs 200)(PIs 5)
fitness <- c(0.9971, 0.9967, 0.9967, 0.9967, 0.9971, 0.9967, 0.9971, 0.9967, 0.9971, 0.9971, 0.9967, 0.9967, 0.9971, 0.9971, 0.9967, 0.9971, 0.9971, 0.9967, 0.9967, 0.9971, 0.9967, 0.9971, 0.9971, 0.9967, 0.9971, 0.9971, 0.9967, 0.9971, 0.9971, 0.9967);
tempos <- c(743.0, 655.0, 638.0, 580.0, 574.0, 584.0, 572.0, 581.0, 572.0, 596.0, 619.0, 577.0, 576.0, 573.0, 572.0, 572.0, 608.0, 586.0, 567.0, 619.0, 585.0, 576.0, 579.0, 583.0, 599.0, 571.0, 582.0, 574.0, 565.0, 566.0);
Respostas:
P6	
P36	
P56	
P176	
P6	
P66	
P6	
P76	
P6	
P6	
P66	
P76	
P6	
P6	
P116	
P6	
P6	
P116	
P96	
P6	
P116	
P6	
P6	
P146	
P6	
P6	
P16	
P6	
P6	
P146	

(Req 5)(Provs 200)(PIs 5)
fitness <- c(0.9971, 0.9967, 0.9971, 0.9971, 0.9971, 0.9967, 0.9971, 0.9971, 0.9971, 0.9971, 0.9971, 0.9967, 0.9971, 0.9971, 0.9971, 0.9971, 0.9971, 0.9971, 0.9971, 0.9971, 0.9971, 0.9967, 0.9971, 0.9971, 0.9971, 0.9971, 0.9971, 0.9971, 0.9971, 0.9971);
tempos <- c(602.0, 580.0, 573.0, 582.0, 574.0, 575.0, 576.0, 573.0, 571.0, 572.0, 579.0, 575.0, 575.0, 577.0, 574.0, 571.0, 572.0, 571.0, 574.0, 577.0, 596.0, 584.0, 571.0, 570.0, 570.0, 571.0, 570.0, 575.0, 581.0, 570.0);
Respostas:
P6	
P106	
P6	
P6	
P6	
P196	
P6	
P6	
P6	
P6	
P6	
P66	
P6	
P6	
P6	
P6	
P6	
P6	
P6	
P6	
P6	
P146	
P6	
P6	
P6	
P6	
P6	
P6	
P6	
P6	

(Req 5)(Provs 200)(PIs 5)
fitness <- c(0.9971, 0.9971, 0.9971, 0.9971, 0.9967, 0.9967, 0.9967, 0.9967, 0.9971, 0.9971, 0.9971, 0.9967, 0.9967, 0.9971, 0.9971, 0.9967, 0.9971, 0.9971, 0.9971, 0.9967, 0.9971, 0.9971, 0.9967, 0.9971, 0.9971, 0.9971, 0.9971, 0.9971, 0.9971, 0.9971);
tempos <- c(576.0, 590.0, 595.0, 590.0, 573.0, 575.0, 572.0, 580.0, 582.0, 588.0, 579.0, 572.0, 581.0, 576.0, 581.0, 575.0, 573.0, 569.0, 569.0, 572.0, 584.0, 572.0, 572.0, 572.0, 580.0, 596.0, 577.0, 572.0, 568.0, 572.0);
Respostas:
P6	
P6	
P6	
P6	
P106	
P186	
P126	
P56	
P6	
P6	
P6	
P126	
P36	
P6	
P6	
P96	
P6	
P6	
P6	
P166	
P6	
P6	
P36	
P6	
P6	
P6	
P6	
P6	
P6	
P6	

(Req 5)(Provs 200)(PIs 5)
fitness <- c(0.9967, 0.9967, 0.9971, 0.9971, 0.9971, 0.9967, 0.9971, 0.9967, 0.9967, 0.9971, 0.9967, 0.9967, 0.9967, 0.9967, 0.9971, 0.9971, 0.9967, 0.9971, 0.9967, 0.9971, 0.9967, 0.9967, 0.9971, 0.9967, 0.9971, 0.9971, 0.9967, 0.9967, 0.9971, 0.9967);
tempos <- c(575.0, 574.0, 579.0, 580.0, 575.0, 573.0, 572.0, 572.0, 572.0, 569.0, 573.0, 571.0, 572.0, 573.0, 570.0, 569.0, 576.0, 581.0, 578.0, 570.0, 577.0, 579.0, 600.0, 573.0, 571.0, 573.0, 574.0, 574.0, 573.0, 589.0);
Respostas:
P156	
P156	
P6	
P6	
P6	
P116	
P6	
P126	
P36	
P6	
P96	
P76	
P106	
P156	
P6	
P6	
P176	
P6	
P126	
P6	
P66	
P176	
P6	
P66	
P6	
P6	
P16	
P116	
P6	
P146	

(Req 6)(Provs 200)(PIs 5)
fitness <- c(0.9995, 0.9995, 0.9995, 0.9995, 0.999, 0.9995, 0.9995, 0.999, 0.9995, 0.9995, 0.999, 0.999, 0.999, 0.9995, 0.999, 0.9995, 0.9995, 0.999, 0.9995, 0.999, 0.9995, 0.9995, 0.9995, 0.9995, 0.999, 0.999, 0.9995, 0.9995, 0.9995, 0.999);
tempos <- c(826.0, 676.0, 654.0, 676.0, 691.0, 713.0, 701.0, 742.0, 726.0, 627.0, 579.0, 585.0, 588.0, 578.0, 582.0, 573.0, 566.0, 573.0, 567.0, 603.0, 583.0, 582.0, 568.0, 583.0, 591.0, 588.0, 586.0, 593.0, 585.0, 579.0);
Respostas:
P3	
P3	
P3	
P3	
P33	
P3	
P3	
P133	
P3	
P3	
P53	
P153	
P13	
P3	
P163	
P3	
P3	
P123	
P3	
P53	
P3	
P3	
P3	
P3	
P183	
P103	
P3	
P3	
P3	
P133	

(Req 6)(Provs 200)(PIs 5)
