(Req 4)(Provs 200)(PIs 5)
fitness <- c(0.9971, 0.9974, 0.9971, 0.9971, 0.9971, 0.9974, 0.9974, 0.9971, 0.9971, 0.9974, 0.9969, 0.9971, 0.9971, 0.9974, 0.9974, 0.9971, 0.9971, 0.9974, 0.9971, 0.9974, 0.9971, 0.9971, 0.9971, 0.9971, 0.9971, 0.9974, 0.9969, 0.9974, 0.9974, 0.9971);
tempos <- c(505.0, 479.0, 465.0, 447.0, 463.0, 470.0, 453.0, 468.0, 446.0, 459.0, 470.0, 468.0, 461.0, 456.0, 463.0, 450.0, 463.0, 463.0, 466.0, 459.0, 460.0, 459.0, 461.0, 453.0, 460.0, 457.0, 464.0, 454.0, 469.0, 453.0);
Respostas:
P2	P101	
P1	P2	
P2	P121	
P2	P111	
P2	P11	
P1	P2	
P1	P2	
P2	P31	
P2	P61	
P1	P2	
P1	P192	
P2	P171	
P2	P21	
P1	P2	
P1	P2	
P2	P91	
P2	P31	
P1	P2	
P2	P161	
P1	P2	
P2	P91	
P2	P121	
P2	P101	
P2	P71	
P2	P111	
P1	P2	
P1	P112	
P1	P2	
P1	P2	
P2	P191	

(Req 4)(Provs 200)(PIs 5)
fitness <- c(0.9971, 0.9974, 0.9974, 0.9974, 0.9971, 0.9971, 0.9974, 0.9971, 0.9974, 0.9971, 0.9974, 0.9971, 0.9974, 0.9971, 0.9974, 0.9971, 0.9974, 0.9971, 0.9971, 0.9974, 0.9971, 0.9971, 0.9971, 0.9971, 0.9971, 0.9974, 0.9974, 0.9974, 0.9971, 0.9974);
tempos <- c(469.0, 453.0, 471.0, 461.0, 461.0, 462.0, 463.0, 461.0, 462.0, 460.0, 458.0, 450.0, 475.0, 447.0, 472.0, 452.0, 485.0, 461.0, 464.0, 459.0, 464.0, 459.0, 461.0, 459.0, 451.0, 460.0, 453.0, 471.0, 465.0, 455.0);
Respostas:
P2	P61	
P1	P2	
P1	P2	
P1	P2	
P2	P31	
P2	P141	
P1	P2	
P2	P191	
P1	P2	
P2	P181	
P1	P2	
P2	P31	
P1	P2	
P2	P51	
P1	P2	
P2	P161	
P1	P2	
P2	P31	
P2	P11	
P1	P2	
P2	P111	
P2	P181	
P2	P101	
P2	P131	
P2	P161	
P1	P2	
P1	P2	
P1	P2	
P2	P111	
P1	P2	

(Req 4)(Provs 200)(PIs 5)
fitness <- c(0.9974, 0.9971, 0.9971, 0.9971, 0.9971, 0.9971, 0.9971, 0.9974, 0.9974, 0.9971, 0.9971, 0.9971, 0.9974, 0.9974, 0.9974, 0.9974, 0.9974, 0.9974, 0.9969, 0.9971, 0.9971, 0.9974, 0.9974, 0.9971, 0.9971, 0.9971, 0.9974, 0.9974, 0.9974, 0.9974);
tempos <- c(453.0, 476.0, 447.0, 477.0, 453.0, 460.0, 465.0, 452.0, 468.0, 454.0, 458.0, 453.0, 469.0, 467.0, 460.0, 459.0, 459.0, 452.0, 454.0, 470.0, 451.0, 470.0, 454.0, 458.0, 466.0, 459.0, 462.0, 458.0, 452.0, 463.0);
Respostas:
P1	P2	
P2	P191	
P2	P141	
P2	P41	
P2	P21	
P2	P71	
P2	P91	
P1	P2	
P1	P2	
P2	P81	
P2	P91	
P2	P31	
P1	P2	
P1	P2	
P1	P2	
P1	P2	
P1	P2	
P1	P2	
P1	P172	
P2	P81	
P2	P101	
P1	P2	
P1	P2	
P2	P151	
P2	P21	
P2	P61	
P1	P2	
P1	P2	
P1	P2	
P1	P2	

(Req 4)(Provs 200)(PIs 5)
fitness <- c(0.9971, 0.9971, 0.9967, 0.9969, 0.9971, 0.9971, 0.9974, 0.9974, 0.9971, 0.9971, 0.9971, 0.9974, 0.9974, 0.9971, 0.9974, 0.9974, 0.9974, 0.9971, 0.9971, 0.9971, 0.9971, 0.9974, 0.9971, 0.9971, 0.9974, 0.9974, 0.9974, 0.9974, 0.9971, 0.9974);
tempos <- c(474.0, 453.0, 466.0, 465.0, 484.0, 460.0, 469.0, 451.0, 465.0, 470.0, 446.0, 461.0, 473.0, 456.0, 468.0, 448.0, 463.0, 465.0, 462.0, 465.0, 462.0, 464.0, 451.0, 458.0, 470.0, 468.0, 460.0, 458.0, 452.0, 457.0);
Respostas:
P2	P161	
P2	P111	
P11	P82	
P1	P12	
P2	P191	
P2	P141	
P1	P2	
P1	P2	
P2	P161	
P2	P21	
P2	P91	
P1	P2	
P1	P2	
P2	P11	
P1	P2	
P1	P2	
P1	P2	
P2	P101	
P2	P111	
P2	P101	
P2	P181	
P1	P2	
P2	P51	
P2	P41	
P1	P2	
P1	P2	
P1	P2	
P1	P2	
P2	P81	
P1	P2	

(Req 4)(Provs 200)(PIs 5)
fitness <- c(0.9974, 0.9974, 0.9971, 0.9971, 0.9974, 0.9974, 0.9971, 0.9971, 0.9971, 0.9974, 0.9971, 0.9971, 0.9971, 0.9974, 0.9971, 0.9971, 0.9974, 0.9971, 0.9969, 0.9974, 0.9971, 0.9971, 0.9974, 0.9971, 0.9974, 0.9974, 0.9974, 0.9971, 0.9974, 0.9971);
tempos <- c(461.0, 448.0, 473.0, 454.0, 468.0, 461.0, 462.0, 461.0, 460.0, 451.0, 456.0, 464.0, 452.0, 472.0, 450.0, 463.0, 465.0, 461.0, 460.0, 460.0, 462.0, 463.0, 447.0, 472.0, 460.0, 454.0, 464.0, 459.0, 445.0, 467.0);
Respostas:
P1	P2	
P1	P2	
P2	P181	
P2	P61	
P1	P2	
P1	P2	
P2	P101	
P2	P81	
P2	P171	
P1	P2	
P2	P101	
P2	P161	
P2	P41	
P1	P2	
P2	P101	
P2	P41	
P1	P2	
P2	P191	
P1	P122	
P1	P2	
P2	P171	
P2	P111	
P1	P2	
P2	P161	
P1	P2	
P1	P2	
P1	P2	
P2	P111	
P1	P2	
P2	P181	

(Req 8)(Provs 200)(PIs 5)
fitness <- c(0.9971, 0.9971, 0.9969, 0.9971, 0.9969, 0.9969, 0.9971, 0.9971, 0.9971, 0.9971, 0.9971, 0.9971, 0.9969, 0.9971, 0.9969, 0.9971, 0.9971, 0.9969, 0.9969, 0.9969, 0.9967, 0.9971, 0.9971, 0.9969, 0.9969, 0.9969, 0.9971, 0.9971, 0.9969, 0.9967);
tempos <- c(503.0, 475.0, 454.0, 457.0, 473.0, 550.0, 571.0, 499.0, 485.0, 473.0, 475.0, 524.0, 477.0, 486.0, 482.0, 479.0, 474.0, 466.0, 466.0, 471.0, 482.0, 462.0, 459.0, 465.0, 466.0, 469.0, 461.0, 461.0, 452.0, 458.0);
Respostas:
P1	P6	
P1	P6	
P6	P91	
P1	P6	
P6	P71	
P6	P171	
P1	P6	
P1	P6	
P1	P6	
P1	P6	
P1	P6	
P1	P6	
P6	P131	
P1	P6	
P6	P11	
P1	P6	
P1	P6	
P6	P11	
P6	P21	
P6	P131	
P1	P116	
P1	P6	
P1	P6	
P6	P191	
P6	P181	
P6	P51	
P1	P6	
P1	P6	
P6	P141	
P1	P126	

(Req 8)(Provs 200)(PIs 5)
fitness <- c(0.9971, 0.9967, 0.9969, 0.9969, 0.9971, 0.9971, 0.9971, 0.9969, 0.9969, 0.9969, 0.9969, 0.9971, 0.9971, 0.9969, 0.9969, 0.9971, 0.9969, 0.9971, 0.9969, 0.9969, 0.9969, 0.9971, 0.9971, 0.9971, 0.9969, 0.9969, 0.9971, 0.9971, 0.9969, 0.9971);
tempos <- c(489.0, 451.0, 462.0, 461.0, 465.0, 461.0, 465.0, 458.0, 463.0, 463.0, 468.0, 477.0, 465.0, 456.0, 455.0, 456.0, 455.0, 459.0, 457.0, 459.0, 459.0, 458.0, 457.0, 464.0, 462.0, 466.0, 461.0, 462.0, 461.0, 461.0);
Respostas:
P1	P6	
P1	P186	
P6	P171	
P6	P71	
P1	P6	
P1	P6	
P1	P6	
P6	P31	
P6	P71	
P6	P61	
P6	P71	
P1	P6	
P1	P6	
P6	P191	
P6	P191	
P1	P6	
P6	P161	
P1	P6	
P6	P71	
P6	P51	
P6	P91	
P1	P6	
P1	P6	
P1	P6	
P6	P161	
P6	P91	
P1	P6	
P1	P6	
P6	P91	
P1	P6	

(Req 8)(Provs 200)(PIs 5)
fitness <- c(0.9969, 0.9967, 0.9971, 0.9969, 0.9969, 0.9971, 0.9969, 0.9969, 0.9969, 0.9969, 0.9969, 0.9971, 0.9969, 0.9971, 0.9967, 0.9969, 0.9971, 0.9971, 0.9971, 0.9967, 0.9969, 0.9971, 0.9971, 0.9971, 0.9969, 0.9971, 0.9969, 0.9969, 0.9971, 0.9969);
tempos <- c(445.0, 462.0, 451.0, 450.0, 461.0, 445.0, 437.0, 475.0, 515.0, 456.0, 460.0, 465.0, 483.0, 470.0, 495.0, 491.0, 491.0, 524.0, 483.0, 464.0, 478.0, 461.0, 455.0, 472.0, 468.0, 460.0, 458.0, 476.0, 473.0, 467.0);
Respostas:
P6	P61	
P1	P126	
P1	P6	
P6	P131	
P6	P141	
P1	P6	
P6	P141	
P6	P181	
P6	P61	
P6	P31	
P6	P11	
P1	P6	
P6	P11	
P1	P6	
P1	P136	
P6	P131	
P1	P6	
P1	P6	
P1	P6	
P1	P46	
P6	P111	
P1	P6	
P1	P6	
P1	P6	
P6	P61	
P1	P6	
P6	P61	
P6	P121	
P1	P6	
P6	P21	

(Req 8)(Provs 200)(PIs 5)
fitness <- c(0.9971, 0.9969, 0.9971, 0.9971, 0.9969, 0.9969, 0.9969, 0.9969, 0.9969, 0.9969, 0.9969, 0.9971, 0.9969, 0.9971, 0.9971, 0.9971, 0.9971, 0.9971, 0.9969, 0.9971, 0.9971, 0.9971, 0.9969, 0.9969, 0.9971, 0.9969, 0.9971, 0.9969, 0.9971, 0.9969);
tempos <- c(458.0, 478.0, 512.0, 473.0, 470.0, 481.0, 469.0, 478.0, 496.0, 465.0, 459.0, 459.0, 457.0, 449.0, 456.0, 445.0, 476.0, 481.0, 476.0, 481.0, 473.0, 495.0, 476.0, 458.0, 483.0, 464.0, 512.0, 457.0, 461.0, 454.0);
Respostas:
P1	P6	
P6	P101	
P1	P6	
P1	P6	
P6	P21	
P6	P151	
P6	P151	
P6	P111	
P6	P21	
P6	P71	
P6	P91	
P1	P6	
P6	P81	
P1	P6	
P1	P6	
P1	P6	
P1	P6	
P1	P6	
P6	P71	
P1	P6	
P1	P6	
P1	P6	
P6	P121	
P6	P141	
P1	P6	
P6	P31	
P1	P6	
P6	P91	
P1	P6	
P6	P171	

(Req 8)(Provs 200)(PIs 5)
fitness <- c(0.9971, 0.9971, 0.9969, 0.9969, 0.9969, 0.9971, 0.9971, 0.9971, 0.9969, 0.9969, 0.9971, 0.9967, 0.9971, 0.9971, 0.9971, 0.9969, 0.9969, 0.9969, 0.9971, 0.9971, 0.9971, 0.9971, 0.9971, 0.9969, 0.9971, 0.9969, 0.9967, 0.9971, 0.9969, 0.9971);
tempos <- c(480.0, 488.0, 468.0, 468.0, 536.0, 485.0, 674.0, 580.0, 672.0, 660.0, 509.0, 681.0, 581.0, 601.0, 473.0, 491.0, 477.0, 472.0, 475.0, 475.0, 485.0, 445.0, 458.0, 453.0, 456.0, 458.0, 451.0, 461.0, 619.0, 498.0);
Respostas:
P1	P6	
P1	P6	
P6	P111	
P6	P181	
P6	P81	
P1	P6	
P1	P6	
P1	P6	
P6	P111	
P6	P171	
P1	P6	
P1	P16	
P1	P6	
P1	P6	
P1	P6	
P6	P21	
P6	P121	
P6	P121	
P1	P6	
P1	P6	
P1	P6	
P1	P6	
P1	P6	
P6	P101	
P1	P6	
P6	P51	
P1	P36	
P1	P6	
P6	P91	
P1	P6	

(Req 8)(Provs 200)(PIs 5)
